%YAML:1.0
features:
   - { Path:"tmp/block_0.png", Size:3, Src1:[ 90., 125. ], Src2:[ 1.,
       138. ], Src3:[ 82., 225. ], Des1:[ 0., 0. ], Des2:[ 0., 227. ],
       Des3:[ 227., 0. ] }
   - { Path:"tmp/block_1.png", Size:3, Src1:[ 134., 118. ], Src2:[ 225.,
       102. ], Src3:[ 124., 225. ], Des1:[ 0., 0. ], Des2:[ 0., 227. ],
       Des3:[ 227., 0. ] }
   - { Path:"tmp/block_2.png", Size:3, Src1:[ 135., 98. ], Src2:[ 225.,
       87. ], Src3:[ 143., 1. ], Des1:[ 0., 0. ], Des2:[ 0., 227. ],
       Des3:[ 227., 0. ] }
   - { Path:"tmp/block_3.png", Size:3, Src1:[ 92., 109. ], Src2:[ 1.,
       123. ], Src3:[ 101., 1. ], Des1:[ 0., 0. ], Des2:[ 0., 227. ],
       Des3:[ 227., 0. ] }
